%YAML:1.0
---
H_img2world: !!opencv-matrix
   rows: 3
   cols: 3
   dt: d
   data: [ -4.8038843449994104, -2.0605992382745963, 3599.8397098483183,
       -0.62895372093191149, 8.5759475880115925, -6256.7948984785389,
       -8.9017612903988553e-05, -0.021314576710656122, 1. ]
