%YAML:1.0
---
camera_matrix: !!opencv-matrix
   rows: 3
   cols: 3
   dt: d
   data: [ 1043.2959529709535, 0., 568.44941749796408, 0.,
       1024.8353686889509, 407.94519544706947, 0., 0., 1. ]
dist_coeffs: !!opencv-matrix
   rows: 1
   cols: 5
   dt: d
   data: [ -0.27720923328585567, -0.14140553553411689,
       0.0027541168163321013, 0.0016707724800031024, 0.21070396992588836 ]
