%YAML:1.0
---
H_img2world: !!opencv-matrix
   rows: 3
   cols: 3
   dt: d
   data: [-13.92367356473249, -7.220872061052806, 13188.75540232549,
            -3.768001977243946, 25.88361862717877, -17582.13253819264,
            0.002624624238814069, -0.06274035021826244, 1]