%YAML:1.0
---
H_img2world: !!opencv-matrix
   rows: 3
   cols: 3
   dt: d
   data: [ -0.039258232231481435, -0.017259921395707839,
       30.82103809969378, -0.0057048362791241123, 0.070756372013948424,
       -52.307897938519446, 2.7315901351361382e-05,
       -0.017422673343037279, 1. ]
