%YAML:1.0
H: !!opencv-matrix
   rows: 3
   cols: 3
   dt: d
   data: [ 1.234, 0.012, -56.78,
           -0.034, 1.567, 12.34,
           0.00012, -0.00045, 1.0 ]