%YAML:1.0
---
H_img2world: !!opencv-matrix
   rows: 3
   cols: 3
   dt: d
   data: [ 0.0012595685422965009, -0.00039301092828327572,
       -0.97790063777353697, 0.0001863081389362174,
       -0.0049668623515092582, 2.6611197404142386,
       6.3485861302945313e-05, -0.0013759909882721589, 1. ]
