%YAML:1.0
H_img2world: !!opencv-matrix
   rows: 3
   cols: 3
   dt: d
   data: [-1.03321070e-02, 1.29398091e-01, -1.26168401e+02,
          -1.04387741e-01, -2.26561555e-01, 8.49434390e+01,
           1.07940925e-03, -4.52858887e-02, 1.00000000e+00]
